   0.0000000e+00   0.0000000e+00   0.0000000e+00  -4.8000000e-01   1.0536645e-09   4.3819083e-16   1.0000000e-03   1.0000000e+00             Inf
   0.0000000e+00   0.0000000e+00   0.0000000e+00  -4.8000000e-01   1.0536645e-09   4.3819083e-16   1.0000000e-03   1.0000000e+00             Inf
   7.7568390e-01   9.9152928e-01   0.0000000e+00  -5.3000000e-01   2.0145680e-09   2.6516353e-15   1.0000000e-03   1.0000000e+00             Inf
   4.7568477e-02   0.0000000e+00   3.7164815e-01  -7.8000000e-01   9.9848459e-10   7.5866701e-16   3.7793167e-02   1.0000000e+00             Inf
   1.0000000e+00   9.8327067e-01   4.3525706e-01  -1.0000000e+00   1.9088542e-09   4.9268124e-15   4.4090449e-02   1.0000000e+00             Inf
   3.7859751e-02   4.0701040e-01   9.5310354e-01  -1.0000000e+00   1.1227191e-09   1.4551552e-15   9.5357250e-02   1.0000000e+00             Inf
   1.0000000e+00   5.6331652e-01   4.8561473e-01  -9.9000000e-01   1.7251395e-09   4.1952691e-15   4.9075858e-02   1.0000000e+00   2.6834886e-01
   3.3441349e-01   4.9364682e-01   4.6376301e-02  -5.9000000e-01   1.4619190e-09   1.6137885e-15   5.5912538e-03   1.0000000e+00   2.0211874e-01
   2.3795401e-02   5.5238586e-01   6.5768136e-01  -9.7000000e-01   1.2824425e-09   1.6600273e-15   6.6110454e-02   1.0000000e+00   1.9706080e-01
   4.0685058e-01   5.5210249e-02   5.3297069e-01  -9.6000000e-01   1.2108111e-09   1.8758040e-15   5.3764098e-02   1.0000000e+00   1.8651719e-01
   6.0445413e-01   3.2944907e-01   1.3537924e-01  -7.6000000e-01   1.5165048e-09   2.3679491e-15   1.4402545e-02   1.0000000e+00   1.8438826e-01
   3.2212237e-01   5.8507351e-01   7.4722202e-01  -1.0000000e+00   1.2981292e-09   2.4414269e-15   7.4974980e-02   1.0000000e+00   1.8129313e-01
   7.7568390e-01   9.9152928e-01   2.4191579e-01  -9.6000000e-01   1.8711914e-09   4.4094014e-15   2.4949663e-02   1.0000000e+00   1.7956240e-01
   6.2711543e-01   9.8347200e-01   3.0885914e-03  -5.4000000e-01   1.9135842e-09   2.4507677e-15   1.3057705e-03   1.0000000e+00   1.7706530e-01
   3.2172395e-01   7.3455505e-01   9.8505813e-02  -6.9000000e-01   1.5562682e-09   2.1181918e-15   1.0752075e-02   1.0000000e+00   1.7057259e-01
   1.9119260e-01   3.7958960e-02   1.2706777e-01  -6.6000000e-01   1.1832200e-09   1.0022155e-15   1.3579709e-02   1.0000000e+00   1.6966254e-01
   7.5705070e-01   9.8347200e-01   3.2049023e-01  -9.7000000e-01   1.8123496e-09   4.2780202e-15   3.2728533e-02   1.0000000e+00   1.6862445e-01
   3.3053464e-01   3.7865263e-01   1.1985797e-01  -7.3000000e-01   1.3725532e-09   1.8040995e-15   1.2865940e-02   1.0000000e+00   1.6683299e-01
   7.0172690e-01   7.6385273e-01   2.6098570e-01  -9.5000000e-01   1.7140399e-09   3.7877582e-15   2.6837584e-02   1.0000000e+00   1.6412795e-01
   7.1324830e-01   4.0199977e-01   2.3255603e-01  -9.0000000e-01   1.5842197e-09   3.1153440e-15   2.4023047e-02   1.0000000e+00   1.6300738e-01
   9.3542020e-02   4.4421057e-01   8.7273752e-01  -1.0000000e+00   1.1412838e-09   1.6547923e-15   8.7401015e-02   1.0000000e+00   1.6017949e-01
   1.0000000e+00   4.8861954e-01   7.3159681e-02  -7.0000000e-01   1.8970784e-09   3.2383065e-15   8.2428084e-03   1.0000000e+00   1.5991789e-01
   4.7568477e-02   5.5932709e-02   3.7164815e-01  -8.0000000e-01   1.0190337e-09   8.4766820e-16   3.7793167e-02   1.0000000e+00   1.5881735e-01
   3.9351074e-01   8.0713614e-01   2.1606045e-02  -5.6000000e-01   1.6672959e-09   1.9557675e-15   3.1389984e-03   1.0000000e+00   1.5459076e-01
   1.7528379e-04   4.2054513e-03   4.9625194e-03  -5.0000000e-01   1.0930504e-09   4.6760136e-16   1.4912894e-03   1.0000000e+00   1.5272975e-01
   3.8118351e-01   2.5806083e-01   7.9592876e-02  -6.1000000e-01   1.3545519e-09   1.4673733e-15   8.8796948e-03   1.0000000e+00   1.5186648e-01
   4.3768593e-01   0.0000000e+00   3.9193570e-01  -8.9000000e-01   1.3112469e-09   1.8026942e-15   3.9801634e-02   1.0000000e+00   1.5114374e-01
   6.6007525e-01   6.9522286e-01   9.5714507e-02  -7.4000000e-01   1.7324742e-09   2.9316636e-15   1.0475736e-02   1.0000000e+00   1.5057993e-01
   8.0901011e-01   4.4350929e-01   2.6058015e-01  -9.2000000e-01   1.6445724e-09   3.4472811e-15   2.6797435e-02   1.0000000e+00   1.4801294e-01
   3.3441349e-01   4.9364682e-01   1.6714359e-01  -7.7000000e-01   1.4063539e-09   2.0178911e-15   1.7547216e-02   1.0000000e+00   1.4757580e-01
   0.0000000e+00   0.0000000e+00   1.9732757e-01  -6.5000000e-01   1.0246290e-09   5.7082208e-16   2.0535430e-02   1.0000000e+00   1.4715041e-01
   6.9457357e-01   3.5273745e-01   1.9567402e-01  -8.4000000e-01   1.5736640e-09   2.8328379e-15   2.0371728e-02   1.0000000e+00   1.4064261e-01
   5.5836221e-01   8.6841619e-01   4.1623730e-02  -5.9000000e-01   1.7695497e-09   2.3727540e-15   5.1207492e-03   1.0000000e+00   1.4020070e-01
   2.5327239e-01   5.2690675e-01   8.4389227e-01  -1.0000000e+00   1.2217444e-09   2.1598241e-15   8.4545335e-02   1.0000000e+00   1.3598561e-01
   3.4395787e-01   2.5297197e-01   6.1912797e-01  -9.8000000e-01   1.1930424e-09   2.0105356e-15   6.2293669e-02   1.0000000e+00   1.3149575e-01
   2.7913985e-01   4.0956258e-01   2.3769919e-01  -8.2000000e-01   1.3121982e-09   1.8741338e-15   2.4532220e-02   1.0000000e+00   1.3083219e-01
   7.3883032e-01   4.4229836e-01   2.1053644e-01  -8.8000000e-01   1.6251569e-09   3.1897218e-15   2.1843108e-02   1.0000000e+00   1.2992754e-01
   7.3222890e-01   7.3455505e-01   0.0000000e+00  -5.1000000e-01   1.8398176e-09   2.2261206e-15   1.0000000e-03   1.0000000e+00   1.2894700e-01
   2.7337749e-01   5.5863609e-01   7.9524661e-01  -1.0000000e+00   1.2533905e-09   2.2689625e-15   7.9729414e-02   1.0000000e+00   1.2247003e-01
   7.1515121e-01   6.6682916e-01   2.6444724e-01  -9.5000000e-01   1.6808860e-09   3.6705166e-15   2.7180277e-02   1.0000000e+00   1.2191028e-01
   1.0736996e-01   0.0000000e+00   9.3289625e-02  -5.8000000e-01   1.1004659e-09   6.9557274e-16   1.0235673e-02   1.0000000e+00   1.2060432e-01
   7.2425533e-01   4.8861954e-01   2.7762464e-01  -9.5000000e-01   1.6108280e-09   3.4163122e-15   2.8484839e-02   1.0000000e+00   1.1863629e-01
   7.0185152e-01   6.0903911e-01   1.8992111e-01  -8.6000000e-01   1.6731813e-09   3.2776375e-15   1.9802190e-02   1.0000000e+00   1.1800487e-01
   1.8602582e-01   1.7623227e-01   2.1395395e-01  -7.7000000e-01   1.1665595e-09   1.2828981e-15   2.2181441e-02   1.0000000e+00   1.1781522e-01
   1.0736996e-01   3.3421170e-01   9.3289625e-02  -6.1000000e-01   1.2458016e-09   1.0765891e-15   1.0235673e-02   1.0000000e+00   1.0935396e-01
   6.5521334e-01   3.5120693e-01   1.2043878e-01  -7.5000000e-01   1.5712208e-09   2.4868779e-15   1.2923440e-02   1.0000000e+00   1.0789690e-01
   1.7071612e-01   1.1324132e-01   2.2697901e-01  -7.7000000e-01   1.1306986e-09   1.1692062e-15   2.3470922e-02   1.0000000e+00   1.0298166e-01
   2.8676740e-01   5.6781339e-01   7.6855923e-01  -1.0000000e+00   1.2679377e-09   2.3232749e-15   7.7087364e-02   1.0000000e+00   1.0103254e-01
   2.5107400e-01   5.1951549e-01   3.0939732e-01  -9.3000000e-01   1.3460270e-09   2.2090650e-15   3.1630335e-02   1.0000000e+00   9.8519102e-02
   7.1515121e-01   6.6682916e-01   3.4040417e-01  -9.6000000e-01   1.6386651e-09   3.6206742e-15   3.4700012e-02   1.0000000e+00   9.7664605e-02
